ConcurrentReads:ReadTime:BufferSize
1    6.180e+00    128
1    3.840e+00    256
1    2.570e+00    512
1    2.260e+00    1024
1    1.790e+00    4096
1    1.660e+00    8192
2    1.128e+01    128
2    6.190e+00    128
2    3.610e+00    256
2    6.740e+00    256
2    4.680e+00    512
2    2.570e+00    512
2    2.140e+00    1024
2    3.830e+00    1024
2    3.230e+00    4096
2    1.720e+00    4096
2    1.690e+00    8192
2    3.120e+00    8192
3    1.192e+01    128
3    6.310e+00    128
3    1.210e+01    128
3    6.370e+00    256
3    3.700e+00    256
3    7.680e+00    256
3    4.970e+00    512
3    2.630e+00    512
3    4.830e+00    512
3    3.240e+00    1024
3    1.980e+00    1024
3    4.120e+00    1024
3    3.230e+00    4096
3    1.790e+00    4096
3    3.080e+00    4096
3    1.560e+00    8192
3    3.270e+00    8192
3    2.800e+00    8192
4    1.124e+01    128
4    6.390e+00    128
4    6.160e+00    128
4    1.196e+01    128
4    4.020e+00    256
4    3.860e+00    256
4    2.460e+00    512
4    7.440e+00    256
4    4.460e+00    512
4    4.690e+00    512
4    6.970e+00    256
4    2.710e+00    512
4    2.150e+00    1024
4    2.240e+00    1024
4    1.620e+00    4096
4    4.390e+00    1024
4    2.660e+00    4096
4    2.920e+00    4096
4    3.540e+00    1024
4    1.750e+00    4096
4    1.640e+00    8192
4    1.720e+00    8192
5    5.930e+00    128
4    3.300e+00    8192
5    1.218e+01    128
4    3.230e+00    8192
5    1.168e+01    128
5    6.400e+00    128
5    1.062e+01    128
5    4.080e+00    256
5    3.710e+00    256
5    7.760e+00    256
5    6.960e+00    256
5    6.470e+00    256
5    2.780e+00    512
5    2.620e+00    512
5    5.110e+00    512
5    4.830e+00    512
5    4.600e+00    512
5    2.300e+00    1024
5    3.900e+00    1024
5    4.210e+00    1024
5    2.240e+00    1024
5    3.840e+00    1024
5    1.840e+00    4096
5    1.710e+00    4096
5    3.350e+00    4096
5    3.290e+00    4096
5    3.030e+00    4096
5    1.800e+00    8192
5    3.040e+00    8192
5    1.750e+00    8192
5    3.080e+00    8192
5    2.960e+00    8192
6    6.360e+00    128
6    6.430e+00    128
6    7.420e+00    128
6    1.069e+01    128
6    1.167e+01    128
6    1.211e+01    128
6    4.000e+00    256
6    6.620e+00    256
6    3.750e+00    256
6    6.400e+00    256
6    7.400e+00    256
6    4.820e+00    256
6    2.740e+00    512
6    2.700e+00    512
6    3.140e+00    512
6    4.910e+00    512
6    4.570e+00    512
6    5.180e+00    512
6    2.330e+00    1024
6    3.370e+00    1024
6    2.220e+00    1024
6    3.570e+00    1024
6    3.630e+00    1024
6    2.820e+00    1024
6    1.840e+00    4096
6    1.810e+00    4096
6    2.240e+00    4096
6    3.400e+00    4096
6    3.100e+00    4096
6    2.980e+00    4096
6    1.640e+00    8192
6    1.630e+00    8192
6    2.770e+00    8192
6    2.990e+00    8192
6    2.170e+00    8192
6    3.430e+00    8192
7    6.210e+00    128
7    6.260e+00    128
7    7.800e+00    128
7    1.000e+01    128
7    1.200e+01    128
7    1.051e+01    128
7    1.176e+01    128
7    3.900e+00    256
7    3.850e+00    256
7    4.730e+00    256
7    6.490e+00    256
7    6.290e+00    256
7    7.340e+00    256
7    6.110e+00    256
7    2.630e+00    512
7    2.600e+00    512
7    3.300e+00    512
7    4.240e+00    512
7    4.810e+00    512
7    4.330e+00    512
7    5.110e+00    512
7    2.290e+00    1024
7    2.290e+00    1024
7    2.780e+00    1024
7    4.010e+00    1024
7    3.670e+00    1024
7    3.850e+00    1024
7    3.510e+00    1024
7    1.860e+00    4096
7    1.690e+00    4096
7    2.200e+00    4096
7    2.860e+00    4096
7    3.180e+00    4096
7    3.060e+00    4096
7    3.550e+00    4096
7    1.800e+00    8192
7    1.740e+00    8192
7    2.150e+00    8192
7    2.670e+00    8192
7    2.920e+00    8192
7    2.740e+00    8192
7    3.150e+00    8192
8    6.550e+00    128
8    6.150e+00    128
8    7.650e+00    128
8    9.650e+00    128
8    1.002e+01    128
8    1.047e+01    128
8    1.250e+01    128
8    1.150e+01    128
8    3.920e+00    256
8    3.830e+00    256
8    4.770e+00    256
8    6.240e+00    256
8    5.880e+00    256
8    6.530e+00    256
8    7.060e+00    256
8    7.430e+00    256
8    2.670e+00    512
8    2.650e+00    512
8    3.330e+00    512
8    4.010e+00    512
8    4.150e+00    512
8    4.530e+00    512
8    5.000e+00    512
8    5.260e+00    512
8    2.340e+00    1024
8    2.280e+00    1024
8    2.770e+00    1024
8    3.710e+00    1024
8    3.570e+00    1024
8    4.110e+00    1024
8    3.430e+00    1024
8    3.970e+00    1024
8    1.850e+00    4096
8    1.730e+00    4096
8    2.200e+00    4096
8    2.630e+00    4096
8    2.900e+00    4096
8    2.920e+00    4096
8    3.520e+00    4096
8    3.380e+00    4096
8    1.770e+00    8192
8    1.730e+00    8192
8    2.130e+00    8192
8    2.740e+00    8192
8    2.760e+00    8192
8    2.700e+00    8192
8    2.820e+00    8192
8    3.270e+00    8192
9    6.220e+00    128
9    6.280e+00    128
9    7.540e+00    128
9    9.900e+00    128
9    9.760e+00    128
9    1.227e+01    128
9    1.098e+01    128
9    1.055e+01    128
9    1.194e+01    128
9    3.810e+00    256
9    3.750e+00    256
9    4.710e+00    256
9    6.220e+00    256
9    6.070e+00    256
9    7.130e+00    256
9    6.440e+00    256
9    6.680e+00    256
9    7.670e+00    256
9    2.740e+00    512
9    2.530e+00    512
9    3.260e+00    512
9    4.030e+00    512
9    4.920e+00    512
9    4.470e+00    512
9    4.320e+00    512
9    4.530e+00    512
9    5.080e+00    512
9    2.310e+00    1024
9    2.230e+00    1024
9    2.740e+00    1024
9    3.490e+00    1024
9    3.630e+00    1024
9    3.830e+00    1024
9    3.780e+00    1024
9    4.210e+00    1024
9    4.250e+00    1024
9    1.760e+00    4096
9    1.800e+00    4096
9    2.180e+00    4096
9    2.750e+00    4096
9    2.830e+00    4096
9    3.000e+00    4096
9    3.320e+00    4096
9    3.050e+00    4096
9    3.330e+00    4096
9    1.800e+00    8192
9    1.750e+00    8192
9    2.160e+00    8192
9    2.710e+00    8192
9    2.890e+00    8192
9    2.970e+00    8192
9    2.950e+00    8192
9    3.470e+00    8192
9    3.160e+00    8192
10    6.540e+00    128
10    6.430e+00    128
10    7.810e+00    128
10    8.190e+00    128
10    9.710e+00    128
10    1.023e+01    128
10    1.089e+01    128
10    1.095e+01    128
10    1.164e+01    128
10    1.318e+01    128
10    4.150e+00    256
10    3.820e+00    256
10    4.840e+00    256
10    5.050e+00    256
10    5.890e+00    256
10    6.240e+00    256
10    6.540e+00    256
10    6.560e+00    256
10    7.350e+00    256
10    7.950e+00    256
10    2.810e+00    512
10    2.690e+00    512
10    3.440e+00    512
10    3.480e+00    512
10    4.160e+00    512
10    4.330e+00    512
10    4.620e+00    512
10    4.600e+00    512
10    5.080e+00    512
10    5.500e+00    512
10    2.390e+00    1024
10    2.340e+00    1024
10    2.970e+00    1024
10    3.050e+00    1024
10    3.690e+00    1024
10    3.850e+00    1024
10    4.060e+00    1024
10    4.080e+00    1024
10    4.430e+00    1024
10    4.740e+00    1024
10    2.030e+00    4096
10    1.950e+00    4096
10    2.380e+00    4096
10    2.570e+00    4096
10    3.040e+00    4096
10    3.150e+00    4096
10    3.340e+00    4096
10    3.380e+00    4096
10    3.640e+00    4096
10    3.780e+00    4096
10    1.820e+00    8192
10    1.850e+00    8192
10    2.160e+00    8192
10    2.460e+00    8192
10    3.210e+00    8192
10    3.120e+00    8192
10    3.220e+00    8192
10    2.780e+00    8192
10    2.780e+00    8192
10    2.950e+00    8192
