ConcurrentReads:Velocity:BufferSize
1    9.659e+08    1024
1    1.122e+09    2048
1    1.197e+09    4096
1    1.267e+09    8192
1    1.260e+09    16384
1    1.267e+09    32768
1    1.298e+09    65536
1    1.290e+09    131072
3    9.878e+08    1024
3    9.573e+08    1024
3    9.694e+08    1024
3    1.269e+09    2048
3    1.126e+09    2048
3    1.093e+09    2048
3    1.355e+09    4096
3    1.225e+09    4096
3    1.207e+09    4096
3    1.620e+09    8192
3    1.259e+09    8192
3    1.260e+09    8192
3    1.363e+09    16384
3    1.266e+09    16384
3    1.257e+09    16384
3    1.270e+09    32768
3    1.328e+09    32768
3    1.252e+09    32768
3    1.266e+09    65536
3    1.245e+09    65536
3    1.237e+09    65536
3    1.302e+09    131072
3    1.245e+09    131072
6    9.926e+08    1024
3    1.200e+09    131072
6    1.135e+09    1024
6    9.396e+08    1024
6    9.505e+08    1024
6    9.154e+08    1024
6    9.265e+08    1024
6    1.105e+09    2048
6    1.093e+09    2048
6    1.093e+09    2048

